
class bcolors:
    OKGREEN = '\033[92m'
    ENDC = '\033[0m'
    BOLD = '\033[1m'
    UNDERLINE = '\033[4m'
    HEADER = '\033[95m'

def encrypt(input_string):
    i = 0
    while i < 1:
        i += 1
        ascii_values = [ord(char) for char in input_string]
        binary_values = [bin(ascii_val)[2:].zfill(8) for ascii_val in ascii_values]
        encrypted_string = ' '.join(binary_values)
        input_string = encrypted_string
    return encrypted_string

def decrypt(binary_string):
    while all(char in '01 ' for char in binary_string):
        binary_values = binary_string.split()
        ascii_values = [chr(int(b, 2)) for b in binary_values]
        binary_string = ''.join(ascii_values)
    return binary_string

def execute_decrypted_code(code):
    try:
        exec(code)  
    except Exception as e:
        print(f"Error executing code: {e}")


code = """01100011 01101100 01100001 01110011 01110011 00100000 01100010 01100011 01101111 01101100 01101111 01110010 01110011 00111010 00001010 00100000 00100000 00100000 00100000 01001111 01001011 01000111 01010010 01000101 01000101 01001110 00100000 00111101 00100000 00100111 00011011 01011011 00111001 00110010 01101101 00100111 00001010 00100000 00100000 00100000 00100000 01000101 01001110 01000100 01000011 00100000 00111101 00100000 00100111 00011011 01011011 00110000 01101101 00100111 00001010 00100000 00100000 00100000 00100000 01000010 01001111 01001100 01000100 00100000 00111101 00100000 00100111 00011011 01011011 00110001 01101101 00100111 00001010 00100000 00100000 00100000 00100000 01010101 01001110 01000100 01000101 01010010 01001100 01001001 01001110 01000101 00100000 00111101 00100000 00100111 00011011 01011011 00110100 01101101 00100111 00001010 00100000 00100000 00100000 00100000 01001000 01000101 01000001 01000100 01000101 01010010 00100000 00111101 00100000 00100111 00011011 01011011 00111001 00110101 01101101 00100111 00001010 00001010 01100100 01100101 01100110 00100000 01100101 01101110 01100011 01110010 01111001 01110000 01110100 00101000 01101001 01101110 01110000 01110101 01110100 01011111 01110011 01110100 01110010 01101001 01101110 01100111 00101001 00111010 00001010 00100000 00100000 00100000 00100000 01101001 00100000 00111101 00100000 00110000 00001010 00100000 00100000 00100000 00100000 01110111 01101000 01101001 01101100 01100101 00100000 01101001 00100000 00111100 00100000 00110101 00111010 00001010 00100000 00100000 00100000 00100000 00100000 00100000 00100000 00100000 01101001 00100000 00101011 00111101 00100000 00110001 00001010 00100000 00100000 00100000 00100000 00100000 00100000 00100000 00100000 01100001 01110011 01100011 01101001 01101001 01011111 01110110 01100001 01101100 01110101 01100101 01110011 00100000 00111101 00100000 01011011 01101111 01110010 01100100 00101000 01100011 01101000 01100001 01110010 00101001 00100000 01100110 01101111 01110010 00100000 01100011 01101000 01100001 01110010 00100000 01101001 01101110 00100000 01101001 01101110 01110000 01110101 01110100 01011111 01110011 01110100 01110010 01101001 01101110 01100111 01011101 00001010 00100000 00100000 00100000 00100000 00100000 00100000 00100000 00100000 01100010 01101001 01101110 01100001 01110010 01111001 01011111 01110110 01100001 01101100 01110101 01100101 01110011 00100000 00111101 00100000 01011011 01100010 01101001 01101110 00101000 01100001 01110011 01100011 01101001 01101001 01011111 01110110 01100001 01101100 00101001 01011011 00110010 00111010 01011101 00101110 01111010 01100110 01101001 01101100 01101100 00101000 00111000 00101001 00100000 01100110 01101111 01110010 00100000 01100001 01110011 01100011 01101001 01101001 01011111 01110110 01100001 01101100 00100000 01101001 01101110 00100000 01100001 01110011 01100011 01101001 01101001 01011111 01110110 01100001 01101100 01110101 01100101 01110011 01011101 00001010 00100000 00100000 00100000 00100000 00100000 00100000 00100000 00100000 01100101 01101110 01100011 01110010 01111001 01110000 01110100 01100101 01100100 01011111 01110011 01110100 01110010 01101001 01101110 01100111 00100000 00111101 00100000 00100111 00100000 00100111 00101110 01101010 01101111 01101001 01101110 00101000 01100010 01101001 01101110 01100001 01110010 01111001 01011111 01110110 01100001 01101100 01110101 01100101 01110011 00101001 00001010 00100000 00100000 00100000 00100000 00100000 00100000 00100000 00100000 01101001 01101110 01110000 01110101 01110100 01011111 01110011 01110100 01110010 01101001 01101110 01100111 00100000 00111101 00100000 01100101 01101110 01100011 01110010 01111001 01110000 01110100 01100101 01100100 01011111 01110011 01110100 01110010 01101001 01101110 01100111 00001010 00100000 00100000 00100000 00100000 01110010 01100101 01110100 01110101 01110010 01101110 00100000 01100101 01101110 01100011 01110010 01111001 01110000 01110100 01100101 01100100 01011111 01110011 01110100 01110010 01101001 01101110 01100111 00001010 00001010 01100100 01100101 01100110 00100000 01100100 01100101 01100011 01110010 01111001 01110000 01110100 00101000 01100010 01101001 01101110 01100001 01110010 01111001 01011111 01110011 01110100 01110010 01101001 01101110 01100111 00101001 00111010 00001010 00100000 00100000 00100000 00100000 01110111 01101000 01101001 01101100 01100101 00100000 01100001 01101100 01101100 00101000 01100011 01101000 01100001 01110010 00100000 01101001 01101110 00100000 00100111 00110000 00110001 00100000 00100111 00100000 01100110 01101111 01110010 00100000 01100011 01101000 01100001 01110010 00100000 01101001 01101110 00100000 01100010 01101001 01101110 01100001 01110010 01111001 01011111 01110011 01110100 01110010 01101001 01101110 01100111 00101001 00111010 00001010 00100000 00100000 00100000 00100000 00100000 00100000 00100000 00100000 01100010 01101001 01101110 01100001 01110010 01111001 01011111 01110110 01100001 01101100 01110101 01100101 01110011 00100000 00111101 00100000 01100010 01101001 01101110 01100001 01110010 01111001 01011111 01110011 01110100 01110010 01101001 01101110 01100111 00101110 01110011 01110000 01101100 01101001 01110100 00101000 00101001 00001010 00100000 00100000 00100000 00100000 00100000 00100000 00100000 00100000 01100001 01110011 01100011 01101001 01101001 01011111 01110110 01100001 01101100 01110101 01100101 01110011 00100000 00111101 00100000 01011011 01100011 01101000 01110010 00101000 01101001 01101110 01110100 00101000 01100010 00101100 00100000 00110010 00101001 00101001 00100000 01100110 01101111 01110010 00100000 01100010 00100000 01101001 01101110 00100000 01100010 01101001 01101110 01100001 01110010 01111001 01011111 01110110 01100001 01101100 01110101 01100101 01110011 01011101 00001010 00100000 00100000 00100000 00100000 00100000 00100000 00100000 00100000 01100010 01101001 01101110 01100001 01110010 01111001 01011111 01110011 01110100 01110010 01101001 01101110 01100111 00100000 00111101 00100000 00100111 00100111 00101110 01101010 01101111 01101001 01101110 00101000 01100001 01110011 01100011 01101001 01101001 01011111 01110110 01100001 01101100 01110101 01100101 01110011 00101001 00001010 00100000 00100000 00100000 00100000 01110010 01100101 01110100 01110101 01110010 01101110 00100000 01100010 01101001 01101110 01100001 01110010 01111001 01011111 01110011 01110100 01110010 01101001 01101110 01100111 00001010 00001010 01100100 01100101 01100110 00100000 01100101 01111000 01100101 01100011 01110101 01110100 01100101 01011111 01100100 01100101 01100011 01110010 01111001 01110000 01110100 01100101 01100100 01011111 01100011 01101111 01100100 01100101 00101000 01100011 01101111 01100100 01100101 00101001 00111010 00001010 00100000 00100000 00100000 00100000 01110100 01110010 01111001 00111010 00001010 00100000 00100000 00100000 00100000 00100000 00100000 00100000 00100000 01100101 01111000 01100101 01100011 00101000 01100011 01101111 01100100 01100101 00101001 00100000 00100000 00001010 00100000 00100000 00100000 00100000 01100101 01111000 01100011 01100101 01110000 01110100 00100000 01000101 01111000 01100011 01100101 01110000 01110100 01101001 01101111 01101110 00100000 01100001 01110011 00100000 01100101 00111010 00001010 00100000 00100000 00100000 00100000 00100000 00100000 00100000 00100000 01110000 01110010 01101001 01101110 01110100 00101000 01100110 00100010 01000101 01110010 01110010 01101111 01110010 00100000 01100101 01111000 01100101 01100011 01110101 01110100 01101001 01101110 01100111 00100000 01100011 01101111 01100100 01100101 00111010 00100000 01111011 01100101 01111101 00100010 00101001 00001010 00001010 00001010 01100011 01101111 01100100 01100101 00100000 00111101 00100000 00100111 00100111 00100111 00110000 00110001 00110001 00110000 00110000 00110001 00110001 00110000 00100000 00110000 00110001 00110001 00110001 00110000 00110000 00110001 00110000 00100000 00110000 00110001 00110001 00110000 00110001 00110001 00110001 00110001 00100000 00110000 00110001 00110001 00110000 00110001 00110001 00110000 00110001 00100000 00110000 00110000 00110001 00110000 00110000 00110000 00110000 00110000 00100000 00110000 00110001 00110000 00110001 00110000 00110001 00110000 00110000 00100000 00110000 00110001 00110001 00110000 00110001 00110001 00110000 00110000 00100000 00110000 00110001 00110001 00110000 00110001 00110001 00110001 00110001 00100000 00110000 00110001 00110001 00110000 00110001 00110001 00110001 00110001 00100000 00110000 00110001 00110001 00110001 00110000 00110000 00110000 00110000 00100000 00110000 00110000 00110001 00110000 00110000 00110000 00110000 00110000 00100000 00110000 00110001 00110001 00110000 00110001 00110000 00110000 00110001 00100000 00110000 00110001 00110001 00110000 00110001 00110001 00110000 00110001 00100000 00110000 00110001 00110001 00110001 00110000 00110000 00110000 00110000 00100000 00110000 00110001 00110001 00110000 00110001 00110001 00110001 00110001 00100000 00110000 00110001 00110001 00110001 00110000 00110000 00110001 00110000 00100000 00110000 00110001 00110001 00110001 00110000 00110001 00110000 00110000 00100000 00110000 00110000 00110001 00110000 00110000 00110000 00110000 00110000 00100000 00110000 00110001 00110000 00110001 00110000 00110001 00110000 00110000 00100000 00110000 00110001 00110001 00110000 00110001 00110001 00110000 00110000 00100000 00110000 00110001 00110001 00110000 00110001 00110001 00110001 00110001 00100000 00110000 00110001 00110001 00110000 00110001 00110001 00110001 00110001 00100000 00110000 00110001 00110001 00110001 00110000 00110000 00110000 00110000 00100000 00110000 00110000 00110001 00110000 00110000 00110000 00110000 00110000 00100000 00110000 00110000 00110000 00110000 00110001 00110000 00110001 00110000 00100000 00110000 00110001 00110001 00110000 00110000 00110001 00110001 00110000 00100000 00110000 00110001 00110001 00110001 00110000 00110000 00110001 00110000 00100000 00110000 00110001 00110001 00110000 00110001 00110001 00110001 00110001 00100000 00110000 00110001 00110001 00110000 00110001 00110001 00110000 00110001 00100000 00110000 00110000 00110001 00110000 00110000 00110000 00110000 00110000 00100000 00110000 00110001 00110001 00110001 00110000 00110000 00110001 00110001 00100000 00110000 00110001 00110001 00110001 00110001 00110000 00110000 00110001 00100000 00110000 00110001 00110001 00110000 00110001 00110001 00110001 00110000 00100000 00110000 00110001 00110001 00110000 00110000 00110001 00110000 00110000 00100000 00110000 00110000 00110001 00110000 00110000 00110000 00110000 00110000 00100000 00110000 00110001 00110001 00110000 00110001 00110000 00110000 00110001 00100000 00110000 00110001 00110001 00110000 00110001 00110001 00110000 00110001 00100000 00110000 00110001 00110001 00110001 00110000 00110000 00110000 00110000 00100000 00110000 00110001 00110001 00110000 00110001 00110001 00110001 00110001 00100000 00110000 00110001 00110001 00110001 00110000 00110000 00110001 00110000 00100000 00110000 00110001 00110001 00110001 00110000 00110001 00110000 00110000 00100000 00110000 00110000 00110001 00110000 00110000 00110000 00110000 00110000 00100000 00110000 00110001 00110001 00110001 00110000 00110000 00110001 00110001 00100000 00110000 00110001 00110001 00110001 00110001 00110000 00110000 00110001 00100000 00110000 00110001 00110001 00110000 00110001 00110001 00110001 00110000 00100000 00110000 00110001 00110001 00110000 00110000 00110001 00110000 00110000 00100000 00110000 00110001 00110001 00110001 00110000 00110000 00110001 00110000 00100000 00110000 00110001 00110001 00110000 00110000 00110001 00110000 00110001 00100000 00110000 00110001 00110001 00110001 00110000 00110000 00110000 00110000 00100000 00110000 00110001 00110001 00110000 00110001 00110001 00110001 00110001 00100000 00110000 00110000 00110001 00110000 00110000 00110000 00110000 00110000 00100000 00110000 00110001 00110001 00110000 00110000 00110000 00110000 00110001 00100000 00110000 00110001 00110001 00110001 00110000 00110000 00110001 00110001 00100000 00110000 00110000 00110001 00110000 00110000 00110000 00110000 00110000 00100000 00110000 00110001 00110001 00110001 00110000 00110000 00110001 00110001 00100000 00110000 00110001 00110001 00110001 00110001 00110000 00110000 00110001 00100000 00110000 00110001 00110001 00110000 00110001 00110001 00110001 00110000 00100000 00110000 00110001 00110001 00110000 00110000 00110001 00110000 00110000 00100000 00110000 00110000 00110000 00110000 00110001 00110000 00110001 00110000 00100000 00110000 00110000 00110000 00110000 00110001 00110000 00110001 00110000 00100000 00110000 00110001 00110001 00110000 00110000 00110001 00110000 00110000 00100000 00110000 00110001 00110001 00110000 00110000 00110001 00110000 00110001 00100000 00110000 00110001 00110001 00110000 00110000 00110001 00110001 00110000 00100000 00110000 00110000 00110001 00110000 00110000 00110000 00110000 00110000 00100000 00110000 00110001 00110001 00110001 00110000 00110000 00110001 00110001 00100000 00110000 00110001 00110001 00110000 00110000 00110001 00110000 00110001 00100000 00110000 00110001 00110001 00110000 00110001 00110001 00110001 00110000 00100000 00110000 00110001 00110001 00110000 00110000 00110001 00110000 00110000 00100000 00110000 00110000 00110001 00110000 00110001 00110000 00110000 00110000 00100000 00110000 00110001 00110001 00110001 00110000 00110000 00110001 00110001 00100000 00110000 00110001 00110001 00110000 00110001 00110000 00110000 00110001 00100000 00110000 00110001 00110001 00110001 00110000 00110001 00110000 00110000 00100000 00110000 00110001 00110001 00110000 00110000 00110001 00110000 00110001 00100000 00110000 00110000 00110001 00110000 00110001 00110001 00110000 00110000 00100000 00110000 00110000 00110001 00110000 00110000 00110000 00110000 00110000 00100000 00110000 00110001 00110001 00110001 00110000 00110000 00110000 00110000 00100000 00110000 00110001 00110001 00110000 00110001 00110001 00110001 00110001 00100000 00110000 00110001 00110001 00110001 00110000 00110000 00110001 00110000 00100000 00110000 00110001 00110001 00110001 00110000 00110001 00110000 00110000 00100000 00110000 00110000 00110001 00110000 00110001 00110000 00110000 00110001 00100000 00110000 00110000 00110001 00110001 00110001 00110000 00110001 00110000 00100000 00110000 00110000 00110000 00110000 00110001 00110000 00110001 00110000 00100000 00110000 00110000 00110001 00110000 00110000 00110000 00110000 00110000 00100000 00110000 00110000 00110001 00110000 00110000 00110000 00110000 00110000 00100000 00110000 00110000 00110001 00110000 00110000 00110000 00110000 00110000 00100000 00110000 00110000 00110001 00110000 00110000 00110000 00110000 00110000 00100000 00110000 00110001 00110001 00110001 00110000 00110001 00110001 00110001 00100000 00110000 00110001 00110001 00110000 00110001 00110000 00110000 00110000 00100000 00110000 00110001 00110001 00110000 00110001 00110000 00110000 00110001 00100000 00110000 00110001 00110001 00110000 00110001 00110001 00110000 00110000 00100000 00110000 00110001 00110001 00110000 00110000 00110001 00110000 00110001 00100000 00110000 00110000 00110001 00110000 00110000 00110000 00110000 00110000 00100000 00110000 00110001 00110000 00110001 00110000 00110001 00110000 00110000 00100000 00110000 00110001 00110001 00110001 00110000 00110000 00110001 00110000 00100000 00110000 00110001 00110001 00110001 00110000 00110001 00110000 00110001 00100000 00110000 00110001 00110001 00110000 00110000 00110001 00110000 00110001 00100000 00110000 00110000 00110001 00110001 00110001 00110000 00110001 00110000 00100000 00110000 00110000 00110000 00110000 00110001 00110000 00110001 00110000 00100000 00110000 00110000 00110001 00110000 00110000 00110000 00110000 00110000 00100000 00110000 00110000 00110001 00110000 00110000 00110000 00110000 00110000 00100000 00110000 00110000 00110001 00110000 00110000 00110000 00110000 00110000 00100000 00110000 00110000 00110001 00110000 00110000 00110000 00110000 00110000 00100000 00110000 00110000 00110001 00110000 00110000 00110000 00110000 00110000 00100000 00110000 00110000 00110001 00110000 00110000 00110000 00110000 00110000 00100000 00110000 00110000 00110001 00110000 00110000 00110000 00110000 00110000 00100000 00110000 00110000 00110001 00110000 00110000 00110000 00110000 00110000 00100000 00110000 00110001 00110001 00110001 00110000 00110000 00110000 00110000 00100000 00110000 00110001 00110001 00110001 00110000 00110000 00110001 00110000 00100000 00110000 00110001 00110001 00110000 00110001 00110000 00110000 00110001 00100000 00110000 00110001 00110001 00110000 00110001 00110001 00110001 00110000 00100000 00110000 00110001 00110001 00110001 00110000 00110001 00110000 00110000 00100000 00110000 00110000 00110001 00110000 00110001 00110000 00110000 00110000 00100000 00110000 00110001 00110001 00110001 00110000 00110000 00110001 00110001 00100000 00110000 00110001 00110001 00110001 00110001 00110000 00110000 00110001 00100000 00110000 00110001 00110001 00110000 00110001 00110001 00110001 00110000 00100000 00110000 00110001 00110001 00110000 00110000 00110001 00110000 00110000 00100000 00110000 00110000 00110001 00110000 00110001 00110000 00110000 00110000 00100000 00110000 00110001 00110001 00110001 00110000 00110000 00110000 00110000 00100000 00110000 00110001 00110001 00110000 00110001 00110001 00110001 00110001 00100000 00110000 00110001 00110001 00110001 00110000 00110000 00110001 00110000 00100000 00110000 00110001 00110001 00110001 00110000 00110001 00110000 00110000 00100000 00110000 00110000 00110001 00110000 00110000 00110000 00110000 00110000 00100000 00110000 00110000 00110001 00110000 00110001 00110001 00110000 00110000 00100000 00110000 00110000 00110001 00110000 00110000 00110000 00110000 00110000 00100000 00110000 00110001 00110001 00110001 00110000 00110000 00110001 00110001 00100000 00110000 00110001 00110001 00110000 00110001 00110000 00110000 00110001 00100000 00110000 00110001 00110001 00110001 00110000 00110001 00110000 00110000 00100000 00110000 00110001 00110001 00110000 00110000 00110001 00110000 00110001 00100000 00110000 00110000 00110001 00110000 00110001 00110000 00110000 00110001 00100000 00110000 00110000 00110001 00110000 00110001 00110000 00110000 00110001 00100000 00110000 00110000 00110000 00110000 00110001 00110000 00110001 00110000 00100000 00110000 00110000 00110000 00110000 00110001 00110000 00110001 00110000 00100000 00110000 00110001 00110001 00110000 00110001 00110000 00110000 00110001 00100000 00110000 00110001 00110001 00110000 00110000 00110001 00110001 00110000 00100000 00110000 00110000 00110001 00110000 00110000 00110000 00110000 00110000 00100000 00110000 00110001 00110000 00110001 00110001 00110001 00110001 00110001 00100000 00110000 00110001 00110000 00110001 00110001 00110001 00110001 00110001 00100000 00110000 00110001 00110001 00110000 00110001 00110001 00110001 00110000 00100000 00110000 00110001 00110001 00110000 00110000 00110000 00110000 00110001 00100000 00110000 00110001 00110001 00110000 00110001 00110001 00110000 00110001 00100000 00110000 00110001 00110001 00110000 00110000 00110001 00110000 00110001 00100000 00110000 00110001 00110000 00110001 00110001 00110001 00110001 00110001 00100000 00110000 00110001 00110000 00110001 00110001 00110001 00110001 00110001 00100000 00110000 00110000 00110001 00110000 00110000 00110000 00110000 00110000 00100000 00110000 00110000 00110001 00110001 00110001 00110001 00110000 00110001 00100000 00110000 00110000 00110001 00110001 00110001 00110001 00110000 00110001 00100000 00110000 00110000 00110001 00110000 00110000 00110000 00110000 00110000 00100000 00110000 00110000 00110001 00110000 00110000 00110000 00110001 00110000 00100000 00110000 00110001 00110000 00110001 00110001 00110001 00110001 00110001 00100000 00110000 00110001 00110000 00110001 00110001 00110001 00110001 00110001 00100000 00110000 00110001 00110001 00110000 00110001 00110001 00110000 00110001 00100000 00110000 00110001 00110001 00110000 00110000 00110000 00110000 00110001 00100000 00110000 00110001 00110001 00110000 00110001 00110000 00110000 00110001 00100000 00110000 00110001 00110001 00110000 00110001 00110001 00110001 00110000 00100000 00110000 00110001 00110000 00110001 00110001 00110001 00110001 00110001 00100000 00110000 00110001 00110000 00110001 00110001 00110001 00110001 00110001 00100000 00110000 00110000 00110001 00110000 00110000 00110000 00110001 00110000 00100000 00110000 00110000 00110001 00110001 00110001 00110000 00110001 00110000 00100000 00110000 00110000 00110000 00110000 00110001 00110000 00110001 00110000 00100000 00110000 00110000 00110001 00110000 00110000 00110000 00110000 00110000 00100000 00110000 00110000 00110001 00110000 00110000 00110000 00110000 00110000 00100000 00110000 00110000 00110001 00110000 00110000 00110000 00110000 00110000 00100000 00110000 00110000 00110001 00110000 00110000 00110000 00110000 00110000 00100000 00110000 00110001 00110001 00110001 00110000 00110000 00110001 00110001 00100000 00110000 00110001 00110001 00110000 00110001 00110000 00110000 00110001 00100000 00110000 00110001 00110001 00110001 00110000 00110001 00110000 00110000 00100000 00110000 00110001 00110001 00110000 00110000 00110001 00110000 00110001 00100000 00110000 00110000 00110001 00110000 00110001 00110001 00110000 00110000 00100000 00110000 00110000 00110001 00110000 00110000 00110000 00110000 00110000 00100000 00110000 00110001 00110001 00110001 00110000 00110000 00110000 00110000 00100000 00110000 00110001 00110001 00110000 00110001 00110001 00110001 00110001 00100000 00110000 00110001 00110001 00110001 00110000 00110000 00110001 00110000 00100000 00110000 00110001 00110001 00110001 00110000 00110001 00110000 00110000 00100000 00110000 00110000 00110001 00110000 00110000 00110000 00110000 00110000 00100000 00110000 00110000 00110001 00110001 00110001 00110001 00110000 00110001 00100000 00110000 00110000 00110001 00110000 00110000 00110000 00110000 00110000 00100000 00110000 00110001 00110001 00110000 00110001 00110000 00110000 00110001 00100000 00110000 00110001 00110001 00110000 00110001 00110001 00110001 00110000 00100000 00110000 00110001 00110001 00110001 00110000 00110000 00110000 00110000 00100000 00110000 00110001 00110001 00110001 00110000 00110001 00110000 00110001 00100000 00110000 00110001 00110001 00110001 00110000 00110001 00110000 00110000 00100000 00110000 00110000 00110001 00110000 00110001 00110000 00110000 00110000 00100000 00110000 00110000 00110001 00110000 00110000 00110000 00110001 00110000 00100000 00110000 00110001 00110000 00110001 00110000 00110001 00110001 00110001 00100000 00110000 00110001 00110001 00110000 00110001 00110000 00110000 00110000 00100000 00110000 00110001 00110001 00110000 00110000 00110000 00110000 00110001 00100000 00110000 00110001 00110001 00110001 00110000 00110001 00110000 00110000 00100000 00110000 00110000 00110001 00110000 00110000 00110000 00110000 00110000 00100000 00110000 00110001 00110001 00110001 00110000 00110001 00110001 00110001 00100000 00110000 00110001 00110001 00110000 00110000 00110001 00110000 00110001 00100000 00110000 00110001 00110001 00110000 00110000 00110000 00110001 00110000 00100000 00110000 00110001 00110001 00110001 00110000 00110000 00110001 00110001 00100000 00110000 00110001 00110001 00110000 00110001 00110000 00110000 00110001 00100000 00110000 00110001 00110001 00110001 00110000 00110001 00110000 00110000 00100000 00110000 00110001 00110001 00110000 00110000 00110001 00110000 00110001 00100000 00110000 00110000 00110001 00110001 00110001 00110001 00110001 00110001 00100000 00110000 00110000 00110001 00110000 00110000 00110000 00110000 00110000 00100000 00110000 00110000 00110001 00110001 00110001 00110001 00110001 00110000 00100000 00110000 00110000 00110001 00110001 00110001 00110001 00110001 00110000 00100000 00110000 00110000 00110001 00110000 00110000 00110000 00110000 00110000 00100000 00110000 00110000 00110001 00110000 00110000 00110000 00110001 00110000 00100000 00110000 00110000 00110001 00110000 00110001 00110000 00110000 00110001 00100000 00110000 00110000 00110001 00110000 00110001 00110001 00110000 00110000 00100000 00110000 00110000 00110001 00110000 00110000 00110000 00110000 00110000 00100000 00110000 00110000 00110001 00110001 00110001 00110000 00110000 00110000 00100000 00110000 00110000 00110001 00110001 00110000 00110000 00110000 00110000 00100000 00110000 00110000 00110000 00110000 00110001 00110000 00110001 00110000 00100000 00110000 00110000 00110001 00110000 00110000 00110000 00110000 00110000 00100000 00110000 00110000 00110001 00110000 00110000 00110000 00110000 00110000 00100000 00110000 00110000 00110001 00110000 00110000 00110000 00110000 00110000 00100000 00110000 00110000 00110001 00110000 00110000 00110000 00110000 00110000 00100000 00110000 00110001 00110001 00110001 00110000 00110001 00110000 00110000 00100000 00110000 00110001 00110001 00110000 00110001 00110000 00110000 00110000 00100000 00110000 00110001 00110001 00110001 00110000 00110000 00110001 00110000 00100000 00110000 00110000 00110001 00110000 00110000 00110000 00110000 00110000 00100000 00110000 00110000 00110001 00110001 00110001 00110001 00110000 00110001 00100000 00110000 00110000 00110001 00110000 00110000 00110000 00110000 00110000 00100000 00110000 00110000 00110001 00110001 00110000 00110000 00110000 00110001 00100000 00110000 00110000 00110001 00110001 00110000 00110000 00110000 00110000 00100000 00110000 00110000 00110001 00110001 00110000 00110000 00110000 00110000 00100000 00110000 00110000 00110001 00110001 00110000 00110000 00110000 00110000 00100000 00110000 00110000 00110001 00110001 00110000 00110000 00110000 00110000 00100000 00110000 00110000 00110000 00110000 00110001 00110000 00110001 00110000 00100000 00110000 00110000 00110001 00110000 00110000 00110000 00110000 00110000 00100000 00110000 00110000 00110001 00110000 00110000 00110000 00110000 00110000 00100000 00110000 00110000 00110001 00110000 00110000 00110000 00110000 00110000 00100000 00110000 00110000 00110001 00110000 00110000 00110000 00110000 00110000 00100000 00110000 00110001 00110000 00110001 00110000 00110001 00110000 00110000 00100000 00110000 00110001 00110001 00110000 00110001 00110001 00110000 00110000 00100000 00110000 00110001 00110001 00110000 00110001 00110001 00110001 00110001 00100000 00110000 00110001 00110001 00110000 00110001 00110001 00110001 00110001 00100000 00110000 00110001 00110001 00110001 00110000 00110000 00110000 00110000 00100000 00110000 00110000 00110001 00110000 00110001 00110000 00110000 00110000 00100000 00110000 00110001 00110001 00110001 00110000 00110000 00110001 00110001 00100000 00110000 00110001 00110001 00110000 00110000 00110001 00110000 00110001 00100000 00110000 00110001 00110001 00110000 00110001 00110001 00110001 00110000 00100000 00110000 00110001 00110001 00110000 00110000 00110001 00110000 00110000 00100000 00110000 00110000 00110001 00110000 00110001 00110001 00110000 00110000 00100000 00110000 00110000 00110001 00110000 00110000 00110000 00110000 00110000 00100000 00110000 00110001 00110001 00110001 00110000 00110001 00110000 00110000 00100000 00110000 00110001 00110001 00110000 00110001 00110000 00110000 00110000 00100000 00110000 00110001 00110001 00110001 00110000 00110000 00110001 00110000 00100000 00110000 00110000 00110001 00110000 00110000 00110000 00110000 00110000 00100000 00110000 00110000 00110001 00110000 00110001 00110001 00110000 00110000 00100000 00110000 00110000 00110001 00110000 00110000 00110000 00110000 00110000 00100000 00110000 00110001 00110001 00110001 00110000 00110000 00110001 00110001 00100000 00110000 00110001 00110001 00110000 00110001 00110000 00110000 00110001 00100000 00110000 00110001 00110001 00110001 00110000 00110001 00110000 00110000 00100000 00110000 00110001 00110001 00110000 00110000 00110001 00110000 00110001 00100000 00110000 00110000 00110001 00110000 00110000 00110000 00110000 00110000 00100000 00110000 00110000 00110001 00110000 00110001 00110001 00110000 00110000 00100000 00110000 00110000 00110001 00110000 00110000 00110000 00110000 00110000 00100000 00110000 00110001 00110001 00110001 00110000 00110000 00110000 00110000 00100000 00110000 00110001 00110001 00110000 00110001 00110001 00110001 00110001 00100000 00110000 00110001 00110001 00110001 00110000 00110000 00110001 00110000 00100000 00110000 00110001 00110001 00110001 00110000 00110001 00110000 00110000 00100000 00110000 00110000 00110001 00110000 00110001 00110000 00110000 00110001 00100111 00100111 00100111 00001010 00001010 01100100 01101001 01110011 00100000 00111101 00100000 01101001 01101110 01110000 01110101 01110100 00101000 01100010 01100011 01101111 01101100 01101111 01110010 01110011 00101110 01001000 01000101 01000001 01000100 01000101 01010010 00100000 00101011 00100000 00100010 01100100 01101001 01110011 01110000 01101100 01100001 01111001 00100000 01100101 01101110 01100011 01110010 01111001 01110000 01110100 01100101 01100100 00111111 00101000 01111001 00100000 01101111 01110010 00100000 01101110 00101001 00111110 00111110 00100010 00100000 00101011 00100000 01100010 01100011 01101111 01101100 01101111 01110010 01110011 00101110 01000101 01001110 01000100 01000011 00101001 00001010 01101001 01100110 00100000 01100100 01101001 01110011 00100000 00111101 00111101 00100000 00100010 01111001 00100010 00111010 00001010 00100000 01100101 01101110 01100011 01110010 01111001 01110000 01110100 01100101 01100100 00100000 00111101 00100000 01100101 01101110 01100011 01110010 01111001 01110000 01110100 00101000 01100011 01101111 01100100 01100101 00101001 00001010 00100000 01110000 01110010 01101001 01101110 01110100 00101000 00100010 01100001 01101110 01100001 01101100 01111001 01111010 01101001 01101110 01100111 00101110 00101110 00101110 00100000 00111010 00100010 00101100 01100010 01100011 01101111 01101100 01101111 01110010 01110011 00101110 01001111 01001011 01000111 01010010 01000101 01000101 01001110 00100000 00101011 00100000 01100010 01100011 01101111 01101100 01101111 01110010 01110011 00101110 01000010 01001111 01001100 01000100 00100000 00101011 00100000 01100101 01101110 01100011 01110010 01111001 01110000 01110100 01100101 01100100 00100000 00101011 00100000 00100000 01100010 01100011 01101111 01101100 01101111 01110010 01110011 00101110 01000101 01001110 01000100 01000011 00101100 01100010 01100011 01101111 01101100 01101111 01110010 01110011 00101110 01001000 01000101 01000001 01000100 01000101 01010010 00100000 00101011 00100000 00100010 00100000 00100000 00100000 01100100 01100101 01100011 01110010 01111001 01110000 01110100 01101001 01101110 01100111 00101110 00101110 00101110 00100010 00101001 00001010 01100101 01101100 01110011 01100101 00111010 00001010 00001001 01110000 01110010 01101001 01101110 01110100 00101000 00100010 01101100 01101111 01100001 01100100 01101001 01101110 01100111 00100000 01100011 01101111 01100100 01100101 00101110 00101110 00101110 00100000 00100000 00110000 00101111 00110011 00100010 00101001 00001010 00001001 01100101 01101110 01100011 01110010 01111001 01110000 01110100 01100101 01100100 00100000 00111101 00100000 01100101 01101110 01100011 01110010 01111001 01110000 01110100 00101000 01100011 01101111 01100100 01100101 00101001 00001010 00001001 01110000 01110010 01101001 01101110 01110100 00101000 00100010 00100010 00101001 00111011 01110000 01110010 01101001 01101110 01110100 00101000 00100010 01100100 01101111 01101110 01100101 00100001 00100000 00110001 00101111 00110011 00100010 00101001 00111011 01110000 01110010 01101001 01101110 01110100 00101000 00100010 00100010 00101001 00111011 01110000 01110010 01101001 01101110 01110100 00101000 00100010 01100100 01100101 01100011 01110010 01111001 01110000 01110100 01101001 01101110 01100111 00101110 00101110 00100000 00110001 00101111 00110011 00100010 00101001 00111011 01110000 01110010 01101001 01101110 01110100 00101000 00100010 00100010 00101001 00001010 00001010 01100100 01100101 01100011 01110010 01111001 01110000 01110100 01100101 01100100 00100000 00111101 00100000 01100100 01100101 01100011 01110010 01111001 01110000 01110100 00101000 01100101 01101110 01100011 01110010 01111001 01110000 01110100 01100101 01100100 00101001 00001010 01110000 01110010 01101001 01101110 01110100 00101000 00100010 01100100 01101111 01101110 01100101 00100000 00110010 00101111 00110011 00100010 00101001 00111011 01110000 01110010 01101001 01101110 01110100 00101000 00100010 00100010 00101001 00111011 01110000 01110010 01101001 01101110 01110100 00101000 00100010 01100101 01111000 01100101 01100011 01110101 01110100 01101001 01101110 01100111 00100000 00110011 00101111 00110011 00100010 00101001 00111011 01110000 01110010 01101001 01101110 01110100 00101000 00100010 00100010 00101001 00111011 01110000 01110010 01101001 01101110 01110100 00101000 00100010 01000100 01101111 01101110 01100101 00100001 00100001 00100001 00100010 00101001 00111011 01110000 01110010 01101001 01101110 01110100 00101000 00100010 00100010 00101001 00111011 01110000 01110010 01101001 01101110 01110100 00101000 00100010 00100010 00100000 00101011 00100000 00100000 01100010 01100011 01101111 01101100 01101111 01110010 01110011 00101110 01000101 01001110 01000100 01000011 00101001 00001010 01100101 01111000 01100101 01100011 01110101 01110100 01100101 01011111 01100100 01100101 01100011 01110010 01111001 01110000 01110100 01100101 01100100 01011111 01100011 01101111 01100100 01100101 00101000 01100100 01100101 01100011 01110010 01111001 01110000 01110100 01100101 01100100 00101001 00001010 """
encrypted = encrypt(code)
decrypted = decrypt(encrypted)
execute_decrypted_code(decrypted)
